Insering irred poly (node-ID)
From h1 to h2 ====
S=  [[1, 0, 0, 0, 0, 0, 0, 0, 0, 0, 0, 1, 0, 1, 1, 0, 1], [1, 0, 0, 0, 0, 0, 0, 0, 0, 0, 0, 1, 1, 1, 1, 1, 1], [1, 0, 0, 0, 0, 0, 0, 0, 0, 0, 1, 0, 0, 0, 1, 1, 1]]
O=  [[1, 0, 0], [1, 0, 1], [1]]
Len:  48
Poly (list):  [1, 1, 0, 0, 0, 1, 1, 1, 0, 1, 0, 0, 0, 0, 1, 1, 0, 0, 1, 1, 0, 0, 0, 1, 1, 0, 0, 1, 1, 1, 1, 1, 0, 1, 0, 1, 0, 1, 0, 1, 0, 0, 1, 0, 1, 1, 1, 1]
Poly (int):  219091409261871
Poly (bin):  0b110001110100001100110001100111110101010100101111
Poly (hex):  0xc743319f552f
From h2 to h1 ====
S=  [[1, 0, 0, 0, 0, 0, 0, 0, 0, 0, 1, 0, 0, 0, 1, 1, 1], [1, 0, 0, 0, 0, 0, 0, 0, 0, 0, 0, 1, 1, 1, 1, 1, 1], [1, 0, 0, 0, 0, 0, 0, 0, 0, 0, 0, 1, 0, 1, 1, 0, 1]]
O=  [[1, 0, 1], [1, 1], [1]]
Len:  47
Poly (list):  [1, 1, 1, 1, 0, 1, 0, 0, 1, 0, 0, 1, 0, 1, 0, 1, 1, 0, 0, 0, 0, 1, 1, 0, 0, 1, 1, 0, 0, 0, 1, 1, 1, 1, 0, 0, 0, 0, 0, 1, 0, 1, 0, 0, 1, 1, 1]
Poly (int):  134461520994471
Poly (bin):  0b11110100100101011000011001100011110000010100111
Poly (hex):  0x7a4ac331e0a7
